06400513
01400593
04000713
00e52023
00500713
00e52223
00c00713
00e52423
00300713
00e52623
00900713
00e52823
01100713
00e52a23
00200713
00e52c23
02d00713
00e52e23
00800713
02e52023
01700713
02e52223
00b00713
02e52423
06300713
02e52623
00400713
02e52823
01f00713
02e52a23
00700713
02e52c23
01200713
02e52e23
03700713
04e52023
00100713
04e52223
02a00713
04e52423
00600713
04e52623
00000293
04b2d063
00000313
000586b3
fff68693
02d35463
00231613
00c50633
00062383
00462403
00745663
00862023
00762223
00130313
fd5ff06f
00128293
fc5ff06f
0000006f
